1305031910.7695 -0.8683 0.6026 1.5627 0.8219 -0.3912 0.1615 -0.3811
1305031910.7795 -0.8680 0.6052 1.5630 0.8225 -0.3882 0.1622 -0.3828
1305031910.7898 -0.8677 0.6076 1.5631 0.8236 -0.3855 0.1615 -0.3833
1305031910.7995 -0.8674 0.6100 1.5631 0.8246 -0.3835 0.1609 -0.3836
1305031910.8095 -0.8671 0.6125 1.5630 0.8256 -0.3813 0.1599 -0.3840
1305031910.8195 -0.8668 0.6150 1.5631 0.8268 -0.3790 0.1588 -0.3841
1305031910.8295 -0.8665 0.6176 1.5629 0.8272 -0.3767 0.1582 -0.3857
1305031910.8395 -0.8662 0.6201 1.5629 0.8281 -0.3743 0.1574 -0.3865
1305031910.8496 -0.8660 0.6226 1.5630 0.8298 -0.3711 0.1563 -0.3863
1305031910.8595 -0.8658 0.6252 1.5629 0.8312 -0.3678 0.1551 -0.3870
1305031910.8695 -0.8655 0.6280 1.5626 0.8323 -0.3645 0.1537 -0.3883
1305031910.8795 -0.8652 0.6308 1.5625 0.8339 -0.3613 0.1521 -0.3886
1305031910.8895 -0.8652 0.6334 1.5623 0.8355 -0.3585 0.1505 -0.3883
1305031910.8995 -0.8649 0.6360 1.5621 0.8362 -0.3558 0.1496 -0.3896
1305031910.9094 -0.8646 0.6386 1.5619 0.8370 -0.3536 0.1492 -0.3901
1305031910.9196 -0.8644 0.6413 1.5618 0.8369 -0.3515 0.1499 -0.3919
1305031910.9295 -0.8640 0.6439 1.5618 0.8363 -0.3501 0.1508 -0.3942
1305031910.9395 -0.8643 0.6464 1.5617 0.8369 -0.3484 0.1505 -0.3945
1305031910.9495 -0.8643 0.6493 1.5616 0.8365 -0.3463 0.1506 -0.3971
1305031910.9595 -0.8643 0.6524 1.5614 0.8363 -0.3435 0.1500 -0.4001
1305031910.9695 -0.8646 0.6551 1.5613 0.8377 -0.3402 0.1484 -0.4007
1305031910.9795 -0.8647 0.6579 1.5610 0.8391 -0.3369 0.1466 -0.4010
1305031910.9895 -0.8651 0.6609 1.5605 0.8406 -0.3337 0.1445 -0.4015
1305031910.9996 -0.8655 0.6638 1.5602 0.8423 -0.3304 0.1429 -0.4011
1305031911.0095 -0.8661 0.6666 1.5599 0.8443 -0.3266 0.1407 -0.4008
1305031911.0196 -0.8667 0.6695 1.5597 0.8458 -0.3228 0.1388 -0.4014
1305031911.0296 -0.8675 0.6723 1.5597 0.8471 -0.3191 0.1367 -0.4025
1305031911.0395 -0.8683 0.6750 1.5597 0.8489 -0.3146 0.1336 -0.4032